0100000000000100000000100
0100000010000000000100010
0111000010100000000000000
0000000000000000000000000
0001000000001000000000000
0000000000000000000000000
0001000000000100000000100
0001000000100000000100010
0111000000001000000000000
0000000000000000000000000
0001000000100000011000000
0001000000000100000100100
0111000000001000000000000
0000000000000000000000000
0100000000000100000000100
0100000010000000000100010
0111000100000100001100100
0111000000001000000000000
0000000000000000000000000
0001000000000100000100100
0111000000001000000000000
0000000000000000000000000
0001000000000100000000100
0001000000100000000100010
0111000000000100000100100
0111000000001000000000000
0000000000000000000000000
0001000001000000011000000
0001000000000100000100100
0111000000000100000100100
0111000000001000000000000
0000000000000000000000000
0100000000000100000000100
0100000010000000000100010
0111000100000100001100100
0111000000000100000100100
0111000000001000000000000
0000000000000000000000000
0010000000010000000000000
0000000000000000000000000
0010000000000100000000100
0010000001000000000100010
0111000000010000000000000
0000000000000000000000000
0010000001000000011000000
0010000000000100000100100
0111000000010000000000000
0000000000000000000000000
0100000000000100000000100
0100000010000000000100010
0111001000000100001100100
0111000000010000000000000
0000000000000000000000000
0010000000000100000100100
0111000000010000000000000
0000000000000000000000000
0010000000000100000000100
0010000001000000000100010
0111000000000100000100100
0111000000010000000000000
0000000000000000000000000
0010000001000000011000000
0010000000000100000100100
0111000000000100000100100
0111000000010000000000000
0000000000000000000000000
0100000000000100000000100
0100000010000000000100010
0111001000000100001100100
0111000000000100000100100
0111000000010000000000000
0000000000000000000000000
0101011001000000001000000
0000000000000000000000000
0101011000000010001101000
0000000000000000000000000
0101011001000000001000001
0000000000000000000000000
0101011000000010001101001
0000000000000000000000000
0101011001000000010000000
0000000000000000000000000
0101011000000010010101000
0000000000000000000000000
0101011001000000010000001
0000000000000000000000000
0101011000000010010101001
0000000000000000000000000
0101011001000000100000000
0000000000000000000000000
0101011000000010001101000
0000000000000000000000000
0101011001000000101000000
0000000000000000000000000
0101011000000010101101000
0000000000000000000000000
0101011001000000110000000
0000000000000000000000000
0101011000000010110101000
0000000000000000000000000
0110000001000000111000000
0000000000000000000000000
0110000000000010111101000
0000000000000000000000000
0110000001000001100000000
0000000000000000000000000
0110000000000011100101000
0000000000000000000000000
0110000001000001000000000
0000000000000000000000000
0110000000000011000101000
0000000000000000000000000
0110000001000001001000000
0000000000000000000000000
0110000000000011001101000
0000000000000000000000000
0110000001000001101000000
0000000000000000000000000
0110000000000011101101000
0000000000000000000000000
0110000001000001011000000
0000000000000000000000000
0110000000000011011101000
0000000000000000000000000
0110000001000001010000001
0000000000000000000000000
0110000000000011010101001
0000000000000000000000000
0110000001000001110000001
0000000000000000000000000
0110000000000011110101001
0000000000000000000000000
0110000001000001111000000
0000000000000000000000000
0110000000000011111101000
0000000000000000000000000